%% Q1
A = [(-90.15-120)/600, 120/2100, 90/700, 0, 0.15/48000000
    120/600, -120/2100, 0, 0, 0
    90.15/600, 0, (-90-5.30)/700, 5/38000, 0.15/48000000
    0, 0, 5.30/700, (-5-0.30)/38000, 0
    0, 0, 0, 0.30/38000, (-0.15-0.15)/48000000];
x_1850 = [600, 2100, 700, 38000, 48000000]';
verify = A*x_1850;
x_2020 = [600+500, 2100, 700, 38000, 48000000-500]'
rate = A*x_2020;
years = -500*0.5/rate(1)

%% Q2
B = [(-90-120)/600, 120/2100, 90/700
    120/600, -120/2100, 0
    90/600, 0, -90/700];
x_1850B = [600, 2100, 700]';
verify_B = B*x_1850B

%% Q3

%% Q4
C = [(-90-120)/600, 120/2100+(0.1*0.01*2100/2100), 90/700
    120/600, -120/2100-(0.01*2100/2100), 0
    90/600, 0, -90/700]